91605
2041902525
114145
64557
128
200716492
96
128
570083
522104
128
393492
45357016
32766013
171978
173143
96
37570544
384
272269
740959
12646468
14023
2144809
96
674373
24994352
3401678
52115433
52115433
160
219377
3252419
254788
128
552082
96
926181
129418
45873
111113415
778826
79006
6702712
620
33150
35686510
2657722
3704328
224
288
140466
3645289
8542
224
1603744
256
124581
109373
162
162
66757
36928
65683
37039
173358
2967026
2967122
865853
0
5587235
177806
177806
288
41630
1585290
5376
55556
96
77361
1497
256
320
184157
160
224
256
384
512
288
288
160
1344
205437
96
0
96
1808006
10
160
1056