1472
22184
11019
36724
15506
744
2714
4684
2560
10248
21224
13028
92225
29803
35345
143752
51110
12
3055
9473
593
3511
105099
596208
395
28125
5053
27048
57752
19897
259
1942
375048
623425
345
882
9219
6441
9408
16896
285
49186
4726
2466304
524336
796
18004
13824
90624
202
1591
132370
49304
345
9403
22928
17285
17392
66696
874
187
1485
21800
35536
36032
376533
43008
1547
1514
202
528596
103104
2560
16906
839680
2402
45056
29840
2351
322
5887
217
182119
38221
9315
9814
82088
1090
5942
239
59246641
5311
678944
15755
526336
11726
2005
4065096
4611
6948
