3075
2217
32608
689
26618
607564
54268
7332
37598
38110
32159
1963639
7006
89618
89618
2128
2128
3642
3642
3642
89618
14686
1297
1297
76800
35483
55917
61354
54707
63980
38330
34344
10240
44686
43464
37547
12835
8156
42064
3064
29224
60862
4287
3950
15746
45829
262
10803
45829
8342
4532
4134
15079
10979
3947
3657
2527
13586
3549
2628
4392
9376
19081
5164
47652
109944
109034
42378
876463
269330
381643
6230
50254
104553
110873
87606
98595
205303
59809
136504
53760
99165
359879
31594
3363
21572
50254
166295
15493
31969
28
36477
37712
2689024
35437
106898
78831
29375
28
22689