158991
1359757
412623
23636346
47461254
162065
1465054
2867766
2711357
463509
147953
34320
217459
43437644
32100867
3989
284876
696912
48901
7316
1622544
106
36129
101
262144
262144
368102554
177094
2630158
1014784
69632
6397
390504
17045
18240
587
53248
240
8742
1202197
1110
413021
5686
247889
21646
3640
16670
16384
932033
1277
102400
6484
2169
455
283136
1307648
113451
20866688
2160236
970912
436790391
14368
158144
4607
16384
41456896
1936
868
8667
915
25758
362
211
75
125
1202
5686
97296
418744
301609
5659096
5670
110024
355
5212
213816
3407583
29760
1063824
262656
14072192
362491
5151232
15917
112640
190
82
2021099087
121704
305471