832539
60058
23264
415278
5558
28248
96
96
992
85084
68788
1039
25
9649
1075
23493
307110
1092118
320
3188
1389
15790
22
14682874
1472605
3445414
20
344
138372
753825
3986
642204
745
238173
3330612
196
19
120809
160
793
999
958
88120
5602
3217224
23129
1332
10
109
96
24
618953
1100298
224
1507
895
1985
8
5414
151837
1446
6840
35392
1880
2381
50543
27747
1142605
1209
160
3485
1165
96
8192
135549
1032535
878
20
18
5174
860
16
638
123036
128
341938
1683
22376
11826
666102
112038
341933
544
28
481002
5084
96
160181
96
556