849
1575
29904
29867
37120
15888
1227
1993
991
880
350
15950
829
1195
1623
610
29895
29789
1575
780
29895
37120
991
16341
10047
991
29964
780
1017
583
1017
1317
1017
29244
168
1195
880
290
350
1598
46880
29964
1697
29818
18011
290
1227
16095
1195
1054
29770
1623
991
1159
223
29871
226
1993
16095
22507
29734
995
100077
17978
829
584
1118
1195
780
168
17003
29700
1207
29729
584
129
4682613
223
451755
226
1161
29770
451755
29818
1849
1017
868
29838
1777
16833
35492
829
17164
15432
14884
16341
15146
29734
223
271
