77699 
77592
2482 
2375 
3342
3230 
10558
10451 
3154
3047
2957
2850
7099
6992
6178
6071
7743
7636
2245
2133
2908
2801 
12238 
12131 
28051 
27944 
4253
4146
1458
77699
77592 
2482 
2375
3342
3230
10558
10451
3154
3047
2957
2850
7099
6992
6178
6071
7743
7636
2245
2133
2908
2801
12131
28051
27944
10197
29456
29456
36360
4704
20558
12905
2412
3208
27555
51959
50802
5076
4969
15473
15366
779
2821
16
0
346
346
23
28134
28134
28134
28134
20383
16
22391
352
352
23
7881
16
0
344
344
23
1390938
650448
1458608
16
0
355
358