5410788
927785
49907821
3353
2999
67114
85838
2655469
5735361
86427297
43730
846215
1451371
92907356
72076462
693123
54145449
5744
8292094
30469
4099
779366
6773359
3256347
430354
5962028
71351439
2623141
3370
6283
7241
7531
1826528525
550130
4900777
81273
97220557
163600
768718
5416
5843217
26934
552270
40640348
620607
7921779
7313
75248668
67740
66203284
2623642
7322
9485783
98795432
267387
30281925
31060
26189248
59121608
63813
6279858
94289685
64739664
99810
2536984
65949655
6598150
75327774
303966
23771500
0832106
13636318
62523
65966661
536977
123572
33664059
6492
70642429
5855
7676403
592055
8547
86907382
5597522
454415
1825
84446
78454542
670660
16691909
90861
16320500
4805088
45749
98808251
32206310
641007
679381
565022
52305
