301929
126494
270021
131700
74949
399173
307412
218952
130220
368823
153484
139919
394380
17522
323173
273088
55495
89706
258822
103620
335631
202385
316465
306010
133937
53964
225711
280200
217178
393851
104104
322809
63023
127743
352070
216744
95703
255491
271894
304517
236673
57167
354624
254777
43644
70720
238309
201725
35368
296855
157274
244245
300900
63578
392070
171846
56231
189375
9789
240659
258877
317443
377910
215464
391226
51973
201963
37873
11136
309732
320981
101124
22570
192461
211351
86349
323384
240147
62509
231831
76867
67241
382498
124054
100419
259088
10533
29709
324907
331557
284010
219151
295130
279551
218552
94043
144952
44736
395551
242131