2667
9002
226032
10750
1092
2384
2476
1323
331
221
545
37262
5753
83368
370
2748
6855
454
6566
282
353
72704
5348
1076
616
1932
4075
14064
420916
2131
8071
865
325
2065
3897
753
559
4160
3674
1454
116
4234
2613
49402
1679
1032
10875
14711
13458
10360
2228
1485
70655
468
1049
3277
87950
1385608
22352
1473
37798
1183
1487
522
2556
1032
1102
12348
365
1686
377
383
6388
459
54470
259104
9986
2165
600
520
6350
1243
2142
1032
1384
1253
159
1112
11299
11982
38462
22528
347
1751
440
375
2110
16049
48
3351
