955504	
884824
10416
568476
730402
231582
433465
609608	
922958	
109621
14489	
212859	
626846	
299148	
730328
349649	
834779	
481185	
789123	
783308
717018	
702912	
132213	
276533	
673434
324905	
390890	
18906	
40914	
72642
935746	
726395	
77680	
484867	
72878
446745	
549419	
536521	
322451	
615116
989899	
25038	
601436	
949756	
15006
981954	
58565	
506252	
618746	
533779
662722	
807448	
31558	
721457	
258488
418777	
74874	
252330	
217856	
68094
315556	
3444
7526	
851936	
840133	
356507
662492	
61183
1858	
15978	
26637	
709878
515242	
43
1819	
179454	
898249	
207594
964940	
260207	
760241	
59819	
907940
6772	
278136	
754716	
599327	
837151
353361	
322958	
508682	
149293	
647458
992404	
719964	
601506	
837306	
963
891714	
249219	