2244
199
440
12494
283918199
806
18962
972275240
806
972275240
557252
1773
549457
1092
199
41326
806
2426
6659484
440
12494
1092
283918199
1091
1071
1367
41326
18962
199
1721
549457
2426
13868
282
6659484
38001
1367
283918199
283918199
1092
1091
14035
1367
18962
598960
38001
12494
6659484
38001
14035
440
1092
641612
18962
1367
641612
1071
806
972275240
2426
38001
49862
598960
41326
45942992
972275240
12494
1721
38001
6659484
282
49862
6659484
12494
440
45942992
2244
557252
1091
440
806
806
45942992
598960
12494
199
806
1367
14035
1773
41326
641612
1773
282
13868
598960
1773
18962
1092
1071