939
1180
896
2496673289
1754
1875
1132
12743
1392
1811
1303
1140
1604
1110
907
1117
1965
1721
1828
1218
1404
1639
820
1296
1323
1995
1154
121475952
1061
1584
826
1513
183648047
1994
1357
1737
1093
1224
800
1693
1341
2031
1497
858
1113
1487
1023
1629
1413
2034
1453
1421
1652
844
1715
859
1622
831
833
1388
1863
1360
1548
1499
2018
1441
1229
1783
256839346
137287091
1374
1827
1530
2028
1230
11560
1509
1782
872
945
1136
1629
1734
1717
2016
1271
1391
1972
1151
1526
1989
1491
1059
1907
1983
145469
1222
1093
1977
1825
