445
26728
4096
53096
14408
182704
168
4096
54957042
57772404
67808
4096
182704
170960
196
4
4
4096
8249080
57772404
962
6271
14328
190
4096
0
184380
13480
87
4096
512
4096
57772404
1238218
4096
403
976
14256
8249080
0
4096
260
37394
57772404
0
11686
920
3
95528
1563
8249080
6
4096
182352
155
2147483648
18504
8249080
67864
170960
8249080
34920
315
57772404
31
2147483648
17392
170960
2150
4096
6600
57772404
0
2022480
8249080
0
57772404
0
679431
1756
0
159956
4096
57772404
57772404
2147483648
57772404
890
216807
80512
3870
2140
4
2969
138253848
170960
170960
57772404
57772404
2147483648
