4013
4096
547
21814
146432
108512
4096
4096
1324889
4096
4096
4096
4096
4096
4096
4096
21796
4096
836
444114
144281
322012
313344
26126
26126
3081279
3081279
3313
95135550
6067941
2901610
1486
676
16435
102714
4096
31188078
66018
66018
1574081
609684
795045
12661
15988
16614
69632
1366
1207296
523158
302151
647748
941
323387
405328
317456
421543
81920
1505416048
1795643
109017
503305
1653352
11044868
2354262
2356852
4540624
5437476
25211602
989207
4652048
2477528
4472217
4942964
5231763
3289217
5483595
4091439
3571936
5564251
2078229
16414226
13486258
149181
95335
36973
1073569
862809
881802
1607288
610681
9278156
526222
8470213
8233797
8234199
4477920
4541538
8743691
493666
10950389
