1304676
14954
52430
66846
389979
504014
494
4633
2411
32678
955560
206787
322073
593920
10241
83952
96339
471084
1224026
420207
546254
420207
175634
535726
955560
517269
8200
50253
105060
10754
389979
517269
979744
1588004
296886
955560
12031
4633
83952
348618
509432
9183
502531
15621
53381
420207
877345
14954
8094
203573
2236220
254224
1155
432045
5064
32801
15621
328312
213705
12066
583
83952
1656
52430
32801
156643
2858
9183
96339
213705
252833
203573
118141
467
4633
906
12713
96339
494
509432
17007
12031
206787
17007
509432
596808
5064
432045
2088377
1113448
1274336
1588004
406944
1224026
203573
432045
411756
348618
411756
432045