536870912
64
97163
1546
302691
2974
263
17347
6313
9466
20174
88
53583
1119
403
744
278
6582
9566
837464
23264
458
621264
3145728
128717
1048576
20632
2006360
179
554
159601
8192
441
774144
13202
1291
8192
918
574
4096
8192
8192
33225
30757
26400
31243
26087
184956
25934
48170
20938
23438
51387
5819088
15085
63340
5193368
8192
3146
8192
142222
17997
2206
69119184
26025
193
27648
101894
37103
94208
14456
15086
22420312
13398
27620
11560
586
1055
1119
14664
754
837464
545
641
11560
2273
25347
12435
950
1119
1109
1119
3889
391
1109
1119
1192
1109
44466
185