84220
50964
83796
1140
387
63672
3889
43088
383
0
170760
26808
8281848
8281848
4
508
6487
65072
148800
0
17
8281848
18108
3937
586
568
4
170960
141528
5
325021
0
6655
13828
273
141528
6709
42808
0
5592
170960
1763860
0
10200
18108
3
34928
0
1949
807
4096
510196885
170960
1609
632
18108
3916
364192
57018
0
5378
30696
170960
45217
26994
22792
120300
112
170960
184380
34640
170960
184380
190
1461
1501
11557
298821632
28034848
4096
18504
2307
182704
220
1889
2215
0
220
15960060
10232
2309
280
515857
0
184840
390
0
37800
113336
4
