6009302	
501231889
596137110
462218210
1684
202961754
108471537
374351652
56152306
7863946
364718771
588204740
86730084
383355638
506609330
587200339
214607759
654734700
382444298
477071083
84217
658207661
152670650
255482187
132846831
611097694
645004359
30205829
241511646
112652134
626523124
38745961
47026001
100635864
185963980
691515309
391877682
480915525
298456048
262989544
8415880
524506906
387686795
410536462
204946119
532397926
434321571
216475578
938912
511575465
498038733
391877682
318350919
126953286
451007749
357283973
370921154
225532353
18688040
37953
421440109
268832711
471392222
693353175
535836436
388073106
580408395
272242763
19082053
296033656
296206537
12435326
538083395
96928972
5437
9788166	
20507838
338910688
663094053
429678819
305841573
603057600
692676528
1516772
697557343
244114015
84832009
509203269
426965104
218951272
239387466
101945
639578052
334499053
391008512
399016303
243113
662792044
116228186
192909096