1
260
176440
446
336
4596
14848
286
136
40248
70656
11299
215
175890
1
469264
44544
112552
18967
1148
1294520
918
74
8192
34321
1
31232
501
22171
1
64000
1
14848
4038
3072
2250233
87552
1
9142
1428
12288
646
7168
802
8743
26624
16384
165888
19108
46
0
255488
2383
41
3717120
659720
122
691
22198
1342400
1
9778
43008
9569
4227
406
131384
192000
250368
51712
107806
916
11264
4096
63288
1794048
23040
3584
375
29696
1
2560
2050
47616
10752
1525
112640
3584
9904
366
1612600
344
80600
9557
21924
6656
12800
7680
356
1911
