1777
5163
10592
404
19064009
2681364
324
7782
517360
3203
2911764
161368
3405860
20093
3405860
1943
7782
5514532
25405
6330484
9251
7027
31794
1749
8464
129636
2108
1550
1305468
4410248
3405860
5832260
20093
8980
13096
19064009
620486
34340
2986440
2469516
1118
31186653
5514532
324
26320
75799
2774
129
6812
1055884
7825
2986440
8188
12101
3203
2108
8897
7146
4410248
324
147184
2263636
620486
2108
103713
697208
48456
1777
12101
7146
1305468
12101
37819
20093
819
9870
6320
318
2867766
75799
819
8188
2533
3524
12101
48456
3943
3943
9894
463
103713
2108
2549
4539
2460
31794
31186653
605
7782
2431