351702316
344853056
834138439
97408507
359439330
93906296
548417468
370686850
5177
595595658
522639716
92422
464269545
476215718
934843222
683936071
95847452
692798001
50514294
698979675
587264067
582399457
859477212
375512920
20891994
761786142
775330021
666107147
104634183
696187743
341513466
117230347
813419913
570101369
600715852
1314411
295012310
87618616
209051426
91448609
392143759
38674185
656753591
73333364
277422781
771805134
126352279
764005415
313251562
9635564
590896879
968789650
977482498
235395201
749010623
641541915
239745439
99053
994463605
302140463
184725492
615782698
35397361
582787449
501134948
3136049
193788122
49757145
536962582
19528807
127455536
18540003
119176662
300210774
132845649
623683688
5333031
322521309
707071810
5936746
825536040
3748940
85548
907181234
407256018
332984557
520338956
642089359
14582
9243450
597401401
202047264
746036954
2754
249216485
482707892
158588299
255534661
3655650
776186519