5174
24777
1262
686
5003
2389
2174
84480
559
5291
217
229
381
45074
824
50297
7257
7189
300
2812
705
20774
2833
2991
4242
9999
76
6544
2990
6331
1275
2223
38106
616
46901
167
266
92719
369
1630
1946
221
4067
404
23591
97
15434
1406
17005
1260
7168
10604
1092
33462
60606
16425
17243
1080
5554
16185
2411
1945
9181
4012
169
57349
107
7702
19308
3117
36771
102562
1274
11038
11564
1160
30723
232
2939
2395
837
21085
34888
1088
97
1696
132799
1974
110
5942
99143
133
2382
51865
593
82826
106107
361
87
45587
