11028
81719
5137392
52925
32827899
5290764
3042409
1882627
4298975
434151455
51264998
114315
529844
218181
24728033
3798975
338418
582197
2660925
41343491
407134
5020002
4536135
9825
2755416
34570558
434538
4498507
20505
56460080
13001
3189882
4936606
09709
367847
5865163
4077648
2013601
46149005
14931
48966
415520
18853
5332813
13778
136864
415741
5824309
3412764
4378151
340746
3908635
36910
1169010
297240
5172000
368672
1151313
531974281
459304
102198
4839
2492269
871275
296582267
148861
2850347
50471014
283350
4763399
202976
16153
1711386
3978
3842511
5285657
15570656
45895497
1685688
2436
25660180
183524
3693918
913514
5113099
3362529
2285239
2563786
2757939
358957
7630735
51068183
8279566
40884275
4183
416009353
63427036
2567926
7396123
423423