262524376
268908347
204313333
3257450
354656518
377100561
9916
935472557
367499227
235895756
35541755
905853131
677472649
769032394
133463406
416615024
390958183
727697062
490285849
564899014
417175691
737100390
892828538
793727115
937607
721487404
674270529
303835223
868901946
83895356
381969367
83297669
513775
433174063
947305445
71635427
418162292
282609571
387938847
591891491
7274276
330896237
189908271
759357386
411984655
283893047
825970190
164855173
140855413
937653498
13747225
659246031
670186620
528125913
659255830
400651239
4757370
534181042
79262249
5544672
791016468
363103473
467529794
348121576
704942872
75411711
377789820
907914285
2520692
382270744
947412902
916290825
543319810
232295474
879815972
794920113
765621699
734194
603761078
805430490
413482670
757832045
153610812
507561789
49980454
486857326
627655605
501023134
16135465
985335235
77580627
820826431
103164378
807671164
477665423
460660350
182536062
420988566
313291270
938765608