19438
0
1172
0
220176
345
7568
6238
7246946
0
864
0
23584
2033
110209
3497
9424
21608
1142
1314
177
24237
261
15273
1297168
1185
4096
1120
11834
17567
0
1890
304
53066
894
1001
891
14068
0
1897
11895
274737
29862
2838
735
2153
2376
9802
140
6249
5245
1168
18806
687719
850
23844
81480
29344
0
4136
668
3548
5266
1794
193
13110
48741
28936
200380
1913
4096
18232
9156
587
2569
0
3093
932
33899
2035
115
1123
15790
1262
49408
387096
906
1179
691
51549
12559
1053
198987
88
44847
5977
0
1059
496517
50568